[NWA State]
TriggerSource=3

[Channel0]
FrequencyStart=200000000
FrequencyStop=6000000000
FixedPower[0]=5
FixedPower[1]=5
TraceCount=4

[Channel0\Trace0\Marker0]
Enabled=1
Position=0.482758620689655

[Channel0\Trace1]
ReferencePosition[0]=1

[Channel0\Trace1\Marker0]
Enabled=1
Position=0.482758620689655

[Channel0\Trace2]
SPort=0
FormatType=2

[Channel0\Trace2\Marker0]
Enabled=1
Position=0.482758620689655

[Channel0\Trace3\Marker0]
Enabled=1
Position=0.482758620689655

